%a
m1a = [-2 3 8;5 4 3;4 5 2];
m2a = [1 -2 10;5 -6 3;13 7 8];
mta = m1a + m2a

%b
mtb = m1a - m2a

%c
m1c = [2;-1];
m2c = [3 7 6];
mtc = m1c * m2c

%d
m1d = [-1;2;0];
m2d = [-1;2;0];
mtd = m1d.^2
%e
m1e = [0 -2;4 3];
m2e = [3 2 0;6 -3 5];
mte = m1e * m2e
%mte = m1e .* m2e